image: localization_map_univ_both8x0.7.pgm
resolution: 0.100000
origin: [-500.000000, -221.600000, 0.000000]
negate: 0
occupied_thresh: 0.65
free_thresh: 0.196

