image: univ_vlp10hz_both_r0.7.pgm
resolution: 0.100000
origin: [-263.200000, -212.000000, 0.000000]
negate: 0
occupied_thresh: 0.65
free_thresh: 0.196

