image: univ2018-2.pgm
resolution: 0.200000
origin: [-452.000000, -426.400000, 0.000000]
negate: 0
occupied_thresh: 0.65
free_thresh: 0.196

